                                                                                          
Model  -log(LK)      K  N   AICc          delta AICc    weight             cum(w)
HKY+G  699.988278259 22 120 1454.40954621 0.            0.83608261736      0.83608261736
F84+G  701.73534071  22 120 1457.90367111 3.49412490153 0.145716795637     0.981799412997
TN93+G 702.530154326 23 120 1462.56030865 8.15076244343 0.0142014803771    0.996000893374
F81+G  707.445080336 21 120 1466.3187321  11.9091858917 0.00216871426416   0.998169607638
GTR+G  699.780583091 26 120 1466.65794038 12.2483941669 0.00183039236205   1.
F81    803.540920474 20 120 1655.56668943 201.157143224 1.74393601054e-44  1.
F84    812.286360077 21 120 1676.00129158 221.591745375 6.37108014702e-49  1.
K81+G  836.480712188 19 120 1718.56142438 264.151878168 3.65088083617e-58  1.
JC69+G 842.281419936 18 120 1727.3351171  272.925570891 4.54165865543e-60  1.
TN93   870.744628139 22 120 1795.92224597 341.512699759 5.80374993199e-75  1.
HKY    875.31326933  21 120 1802.05511009 347.64556388  2.70379754075e-76  1.
GTR    903.181048846 25 120 1870.19188493 415.782338718 4.32774342593e-91  1.
K81    944.292608696 18 120 1931.35749462 476.947948412 2.26109140474e-104 1.
JC69   955.127444482 17 120 1950.25488896 495.845342756 1.78156255514e-108 1.
